425.50
159.70
434.66
148.21
448.54
143.50
440.99
247.04
227.75
250.60
178.43
131.02
221.49
401.73
221.36
422.04
400.34
340.74
392.42
380.67
334.44
145.75
221.19
219.33
412.81
233.24
257.88
231.14
176.34
392.44
253.42
294.68
288.03
206.54
230.69
238.05
324.99
143.50
377.28
323.64
148.59
221.28
259.09
347.97
133.74
152.06
404.45
180.38
353.71
249.46
387.54
371.06
177.34
393.08
357.46
353.45
396.76
281.02
144.23
412.70
131.75
234.55
237.30
183.69
404.54
347.44
255.37
402.06
416.80
400.62
246.34
371.74
131.02
431.20
231.82
380.16
154.41
332.63
302.49
226.58
247.83
224.69
225.19
155.92
370.29
404.85
207.06
251.11
183.81
239.56
220.73
245.79
378.32
178.62
304.47
361.54
362.76
252.00
350.71
304.22
853.66
1478.08
846.86
1718.01
1262.68
616.49
1228.03
1486.55
801.02
1337.99
757.28
1522.44
1512.90
1602.36
1572.28
1490.93
831.24
758.11
1284.32
765.43
1717.20
1662.10
836.05
1226.68
786.43
1642.19
855.54
782.41
633.24
837.84
1506.09
974.59
1097.05
891.37
1374.36
792.85
1142.01
1450.74
1473.33
881.30
679.44
997.08
1124.20
883.75
965.91
1385.84
1599.84
1392.69
935.43
1496.55
898.70
1513.43
1046.66
1432.87
1377.03
851.72
1249.05
1128.75
805.64
747.58
1313.64
591.70
1192.55
911.71
1505.07
1406.44
821.99
787.81
1707.55
499.92
783.57
960.66
844.58
1188.26
1227.26
1400.60
1544.21
783.13
730.52
772.07
1536.03
1237.21
939.30
1717.62
977.16
1115.95
780.51
929.07
853.62
1367.23
1559.54
1304.45
950.10
579.03
513.20
1186.11
959.68
740.56
748.95
897.02
1944.69
1595.38
1507.43
971.71
1519.54
2037.88
1104.11
963.68
1198.67
1634.89
1543.18
1320.73
1557.69
1073.13
1714.32
1723.71
1573.64
1109.74
1893.53
1458.93
1029.07
1343.22
1902.95
1749.14
1680.39
1447.41
1361.74
1813.90
1044.35
1637.01
666.72
1523.41
1114.01
1606.50
1063.92
1778.78
1160.44
1626.71
1611.64
1580.93
1101.58
1512.49
774.91
1577.66
1694.68
1797.78
1999.43
1814.22
1612.93
1780.05
1255.06
1244.66
1913.30
1596.02
1847.24
1067.63
1528.62
895.46
1461.97
1246.48
1537.28
1705.23
1870.58
1296.63
1523.19
1742.42
1646.00
1234.57
1408.05
1888.41
1564.64
1811.00
1473.91
1191.72
990.33
914.94
1865.93
1384.51
1502.58
936.04
2011.29
1139.81
1528.97
2002.62
1459.57
1906.47
1814.77
1089.83
1650.67
1194.86
2008.15
1845.32
2087.11
1932.26
1074.22
1492.29
906.08
1892.76
1588.26
1647.54
1415.31
1035.01
1333.26
813.80
1448.58
838.48
1046.56
1477.84
1386.85
1479.46
1094.49
1215.60
1070.98
1205.17
1202.02
891.20
1042.91
650.24
1097.13
1087.61
1569.87
886.24
752.31
1470.73
1554.49
1141.40
1311.05
1545.45
1170.20
853.34
637.53
672.16
660.05
1954.28
1235.48
770.37
746.12
662.27
959.30
1043.99
730.33
904.25
1220.42
1350.76
985.20
1055.70
1318.05
658.84
1099.73
1221.08
1724.14
970.75
642.09
1220.09
660.89
752.86
1274.14
1279.18
628.19
746.29
752.59
1084.74
1895.24
1247.71
638.91
1676.37
1479.92
918.05
751.73
1184.72
1048.14
1074.50
1280.49
1234.03
1248.41
1162.10
1442.74
631.99
752.39
1226.18
764.34
977.05
1333.20
586.71
1113.52
706.44
1949.57
545.39
875.68
1389.85
658.58
973.87
653.50
1421.87
1721.03
1120.14
1354.75
802.37
1114.87
1549.83
953.65
820.73
875.32
1107.23
710.40
496.86
951.30
915.14
543.45
1133.78
643.12
1126.05
775.60
1006.39
724.90
621.52
1155.41
546.49
1370.36
539.15
1096.24
479.21
826.33
861.74
704.16
831.52
1318.59
734.78
474.02
1342.29
472.83
767.01
910.88
1012.17
632.67
1430.79
936.47
837.51
771.59
984.27
1038.85
894.00
527.11
675.53
541.85
1087.13
635.65
891.80
1117.34
742.16
267.16
278.98
272.88
725.87
1135.93
542.26
882.93
764.77
495.16
903.90
802.70
771.69
897.21
711.83
1162.75
545.08
831.51
1104.22
1189.38
337.68
763.49
796.86
1140.95
1049.60
708.21
776.65
1125.78
1066.15
796.82
368.14
543.21
699.28
278.59
305.44
743.26
643.64
1149.31
905.26
760.63
1067.47
639.87
634.95
387.27
770.47
293.71
313.07
1123.59
728.17
781.46
764.77
1043.20
903.84
637.09
282.64
1039.82
274.09
779.41
622.69
912.46
642.01
872.83
759.80
657.67
505.06
291.00
828.80
751.77
1161.93
925.74
492.19
970.53
773.28
1163.69
500.74
668.83
547.71
637.28
841.56
790.12
363.41
661.22
964.62
826.29
642.54
279.58
912.75
985.94
287.39
1045.50
625.82
969.55
1036.15
726.42
282.56
531.97
433.40
1124.03
1036.24
346.04
779.47
1502.46
1222.85
1318.58
1413.66
1186.58
510.29
672.82
711.70
1088.56
1448.74
737.08
1430.68
900.32
650.55
1488.10
725.56
746.56
616.30
924.18
1356.25
626.39
613.72
817.57
1514.67
1289.60
725.61
1469.58
677.70
1277.36
633.87
630.20
1164.69
617.50
615.22
772.11
1503.03
1322.52
925.44
1114.59
1283.07
1488.56
867.51
1053.33
1497.44
748.96
1466.69
1422.77
1267.37
827.33
1173.02
1476.47
707.88
1555.50
1419.09
616.40
1431.31
800.02
600.59
773.38
1461.34
839.50
972.37
1162.20
1534.06
1478.39
740.29
1097.79
1164.38
1418.26
635.57
1533.16
513.90
1399.25
542.14
868.89
1237.44
1292.63
696.56
1467.15
1074.90
817.25
673.90
708.88
1474.74
864.43
641.84
1496.13
1427.74
811.65
1511.74
569.21
953.81
687.76
980.79
954.85
1154.35
636.46
1302.73
1412.58
762.91
1833.60
2018.29
2015.94
1861.18
1839.15
2005.41
1998.14
2003.43
2065.22
1941.33
1994.07
1996.50
1736.10
1946.35
1878.12
1951.10
1813.27
2007.69
1890.85
1939.27
1862.59
1774.04
2034.33
1932.22
2029.00
1878.90
1898.19
2079.62
1691.45
2072.28
1831.99
1857.57
1981.92
1973.97
2090.99
1800.54
1805.27
1982.87
1953.72
1779.95
1839.83
1992.20
1959.88
1795.67
1800.59
1974.92
1844.26
1790.24
2147.42
2099.60
1851.69
1975.57
1940.08
1958.89
2013.18
1875.24
1988.95
2124.84
1917.15
1913.50
1846.90
1853.92
1841.08
1955.81
1963.64
1891.69
1976.26
1857.42
2029.59
1798.95
2144.28
1980.97
1877.03
1945.54
1882.09
2075.73
1841.71
2084.65
1939.15
1898.82
1930.80
1867.11
1736.44
1933.42
1943.86
1886.41
1949.54
1851.77
1900.37
2078.19
1816.87
1999.13
2094.30
1857.22
1961.41
1801.77
1989.46
2081.88
1796.38
1930.69
1339.48
1192.73
916.31
1843.69
1465.67
776.39
1293.71
1333.21
565.75
1171.37
2148.20
1525.80
1755.96
1729.18
1537.86
1934.53
1665.04
1793.07
1763.70
1346.51
1393.40
2168.70
1755.67
1831.66
1376.44
1421.91
1609.65
851.05
1913.27
1447.30
1728.08
1562.53
1815.13
1026.11
1363.44
2028.35
651.85
1839.59
1700.33
418.15
1969.76
1998.94
1145.90
662.23
1336.33
1679.63
1868.80
723.68
1619.36
1449.02
1504.52
1431.79
1183.46
2125.49
1580.46
1019.33
1452.76
1918.49
1138.36
1867.25
1335.50
1079.62
863.32
172.92
1386.47
1244.68
1164.41
1970.52
1357.64
844.09
1529.27
1388.46
1391.95
478.49
1508.04
1611.77
1441.51
1671.29
708.04
1653.50
1221.36
959.79
1480.33
1873.12
640.74
1560.55
1472.17
1709.53
972.22
1772.49
2146.12
919.75
1284.39
1342.82
1530.53
1709.92
1780.46
1294.25
999.38
1151.62
1328.26
1819.29
1559.74
1802.51
1857.21
1826.98
1827.64
1825.67
1344.84
1692.06
1344.01
1235.77
1164.80
1487.33
1300.15
1286.43
1443.81
1430.36
1320.83
1604.35
961.68
1511.87
1779.86
1234.15
1235.32
2119.12
1163.68
1621.99
1567.28
1858.27
542.39
1464.73
1362.39
1144.12
657.23
1443.51
1120.32
1178.66
1748.92
1281.12
933.47
1340.54
784.01
1841.99
1058.44
1923.49
1904.47
1119.44
777.31
1731.37
1623.99
1568.10
1868.65
2120.10
1413.01
761.59
1643.89
710.66
1289.32
1820.88
1897.34
773.80
713.54
1375.56
1607.91
1078.82
791.94
1686.57
1488.71
2018.60
1808.15
1870.92
974.05
1742.46
1113.80
1414.59
1626.62
1909.89
1648.17
1674.24
930.74
1816.54
1889.50
1588.04
1606.86
1420.21
551.28
1037.31
779.14
1425.22
1929.99
1957.45
1261.82
1488.42
1170.41
1503.37
1658.33
1784.82
1322.20
1603.07
1532.93
1386.05
1915.94
1556.08
1101.86
1592.03
1378.42
1499.74
1623.83
1926.41
1485.79
1588.69
1716.96
1512.70
1607.18
2148.83
1862.72
2075.68
1535.48
963.22
1119.87
2153.22
1955.70
1974.20
1370.18
1639.55
861.60
511.77
1409.80
1527.73
1172.89
1045.14
1185.88
1889.23
1948.84
1595.82
1679.27
1943.07
2022.35
1750.41
1523.83
1633.34
1783.70
1489.53
1997.65
1462.23
1304.21
1845.01
1747.72
1853.14
559.91
711.59
1883.50
1568.09
1739.59
1966.87
1611.36
1922.31
1575.21
1976.37
1218.20
1796.73
827.73
1556.35
1660.33
1686.81
1211.89
1504.71
960.97
1826.79
1628.60
770.06
1561.69
1784.68
775.06
1245.04
1631.16
1836.56
1805.13
1265.18
1040.96
957.34
972.16
1499.30
1417.01
789.84
1760.98
1097.81
1077.30
1767.32
1526.46
1063.88
1830.32
1232.75
1111.98
1546.42
610.99
1310.12
1176.93
1694.30
769.79
1286.86
1004.97
1881.95
1428.93
1453.90
1738.86
1712.96
874.21
1866.80
1735.43
1084.11
1127.04
1649.77
1589.25
1174.90
1702.48
1744.64
1674.04
1556.25
1445.86
1731.88
761.88
1356.90
1340.66
1600.81
1187.18
1616.70
1807.68
956.10
1493.56
1210.23
1830.81
1642.61
1353.94
642.95
1177.93
1876.70
1663.64
915.49
1849.02
1310.02
1208.91
1783.50
1497.50
1438.49
589.67
1084.85
1803.45
1622.72
936.69
973.49
1836.09
1142.10
1341.91
1749.00
1583.10
1472.62
844.97
1783.39
1529.50
1761.45
1813.81
1358.02
1511.76
1563.08
1865.09
830.51
1715.92
1677.33
1525.71
1401.03
1789.27
868.25
1617.63
1430.11
1854.87
2007.24
1541.15
1586.30
1408.30
1844.52
1643.78
963.06
1035.54
1303.22
1234.97
1471.14
1768.45
2102.30
1494.23
1263.39
1233.67
1138.21
1520.13
1128.56
1947.35
1726.35
1748.58
1206.73
1651.02
1559.07
278.65
2100.10
1384.26
1639.76
1607.66
1708.43
1872.37
941.31
647.22
1130.54
694.36
1770.95
1773.28
1889.66
494.38
1336.17
1707.86
1527.85
1593.78
1458.95
1183.58
1803.65
1085.40
1581.80
1651.09
1516.06
1954.46
1681.36
720.17
1606.64
622.57
1602.60
1804.04
1786.73
809.14
1472.31
1227.10
958.99
1689.14
870.11
1631.17
1630.85
1655.13
1949.91
1816.97
1503.70
1170.99
1160.79
1684.34
1265.20
1543.62
1402.24
714.24
1178.07
1321.42
1020.82
1826.97
1347.82
1988.61
515.39
1766.85
1474.33
1873.29
1688.00
416.09
799.49
1766.34
649.75
1002.17
1497.38
1491.73
1717.47
1345.87
1814.25
1343.49
1742.38
830.69
1499.18
1515.72
1103.86
1513.33
1584.38
1615.65
463.20
1110.48
810.15
1410.18
1551.15
1083.46
1133.56
979.04
1067.02
1092.44
1578.42
1895.49
1907.39
1940.76
1252.07
1938.09
1815.45
1050.60
1234.25
758.44
1091.91
1492.73
1192.77
1813.22
1811.41
1492.81
810.80
1542.15
1243.07
1679.11
1678.45
1912.55
1198.25
1794.29
808.08
1520.56
1298.90
1109.43
1689.72
1371.96
1623.15
1698.84
925.24
1254.18
1573.59
709.69
1625.09
1363.33
876.39
1862.90
1482.39
2111.98
1202.34
526.97
1070.29
1495.59
1875.67
1775.72
1710.03
1356.28
1297.00
1643.94
1625.18
1393.82
1460.04
1903.87
1384.84
1595.37
1406.61
1670.79
1848.76
1807.52
1848.46
1297.45
1092.72
1040.58
1462.60
1563.81
954.13
1936.36
1526.72
781.88
1538.09
1967.42
1486.11
1151.84
1055.88
1495.31
1242.53
821.73
1358.72
962.63
1412.15
1228.87
1295.52
1633.00
953.79
1247.02
1179.18
1107.05
1499.63
1634.07
777.02
1716.87
1202.35
422.23
1350.41
983.29
1430.75
1034.82
1656.07
1209.83
1393.69
1301.63
1728.08
1105.19
1613.28
1195.74
1593.80
1911.07
2066.91
1667.12
1233.76
646.51
1750.23
1561.39
1486.75
1414.02
1526.10
1895.58
1505.66
1493.13
1485.18
1073.57
2014.33
1824.12
1929.39
1124.67
1373.71
1535.72
1619.59
1438.78
699.98
1820.06
1446.94
1759.36
1375.70
887.31
1722.65
1774.81
1326.04
1919.61
1538.46
1573.72
743.01
1493.57
2096.65
1385.13
1572.33
1886.76
1699.11
1471.71
1858.20
1491.81
1523.43
1525.90
1506.80
1559.32
2097.73
927.72
752.51
1861.52
1489.70
1254.34
454.18
1381.82
804.23
972.08
1844.49
981.60
1503.91
1734.91
1760.91
1372.29
1828.16
1339.45
1143.60
1403.49
1855.26
1545.55
1663.99
1603.79
1379.93
1012.84
1519.59
1498.95
1254.26
1466.67
1678.63
1561.00
1139.44
1680.56
1476.70
1631.24
1727.27
1092.08
1920.98
1494.54
1822.19
1062.50
2036.62
1582.30
1953.12
1291.80
1082.89
1912.38
1761.44
1513.43
1016.13
1332.82
1836.74
1498.65
1610.28
1358.21
404.96
1639.01
978.26
1131.43
1247.35
2168.68
1300.64
1374.05
1689.89
1014.01
680.78
1325.36
1495.52
1397.96
1563.37
1015.15
1116.91
1421.98
1400.25
1490.64
1345.54
1900.72
1514.01
1205.77
839.97
1502.41
1743.64
1513.03
1415.67
1502.36
728.05
1451.42
985.86
825.00
1330.30
1540.55
1610.44
1861.37
1252.47
1713.41
914.85
1604.46
1859.22
1120.08
1919.75
1211.19
1861.66
717.47
608.95
1494.39
1079.36
1797.76
1265.57
1812.17
1555.58
1455.53
1644.75
1201.44
881.55
1805.15
1702.77
593.36
1203.24
828.00
1146.64
898.29
1476.55
1441.28
1543.78
2042.57
626.16
796.66
589.29
1322.69
1105.93
1574.50
1011.82
2119.51
1612.37
303.70
1511.13
1133.93
648.69
1191.42
1464.73
857.35
1728.44
1799.60
1670.44
808.23
407.16
1502.13
1076.51
1509.04
1533.81
1181.86
1641.33
434.63
644.77
1685.54
1633.93
781.82
997.02
1159.65
1462.78
1464.55
1393.73
1781.29
454.00
1351.04
834.78
1499.28
1632.47
1744.74
1655.16
1491.15
1857.87
1412.56
1910.21
1229.48
1609.66
863.14
1468.58
1242.56
809.77
1558.01
1665.61
1521.66
1692.62
1405.16
1675.89
1471.75
1142.17
1352.01
1258.97
874.14
1743.63
1616.11
1507.28
1346.66
2012.86
1850.88
1801.12
442.92
1192.42
1271.19
1978.81
1551.44
1097.34
1518.71
988.19
1875.03
1713.55
2111.69
1618.56
1417.27
988.34
1965.31
1725.41
533.01
1271.78
891.32
1357.93
1522.53
1496.44
1489.37
1621.06
1487.92
1873.40
1288.46
1160.34
1489.55
1531.91
772.67
1503.58
1507.42
1018.17
653.43
866.12
1370.76
1081.62
1551.59
1019.53
1792.30
1702.21
729.24
1552.18
1476.66
1415.23
1249.30
1354.96
1779.57
1500.34
1846.77
2102.80
1916.80
1696.26
1382.42
1095.78
1473.08
1491.09
1721.86
1737.67
633.53
1833.01
1865.56
1857.31
1712.36
1316.71
1383.21
1166.63
1268.32
1741.75
715.59
386.23
872.11
575.62
1305.17
1055.43
905.39
688.70
895.22
1563.22
1426.57
652.83
1100.77
1901.08
902.24
1766.40
1857.52
1515.50
1679.45
445.14
1469.82
1489.23
968.44
1309.61
1313.72
1132.68
1945.04
1314.24
1517.18
739.14
2085.66
1231.08
1944.61
1107.23
1393.68
1364.85
1626.32
679.90
1443.01
397.86
1384.92
1704.41
1869.59
458.96
1750.04
765.26
1055.30
985.03
1204.76
1700.05
1413.78
1524.56
1525.40
904.68
709.38
1190.26
1912.97
1799.93
1150.40
2057.00
1857.08
1630.15
934.19
1558.19
1474.40
767.63
1573.48
1169.07
1631.57
1304.20
1407.15
1663.64
1457.76
1382.80
1668.27
1728.08
1617.74
1469.09
1266.98
1557.51
1809.61
1143.22
1676.43
1208.21
905.90
1683.42
1572.95
1907.71
980.21
1142.81
1126.61
1079.91
1820.88
1201.80
1938.34
604.98
1370.04
1419.75
1299.60
1500.54
1735.04
1884.26
1551.36
1131.39
1286.24
1725.42
2104.05
524.83
1960.84
791.46
1026.51
1739.21
1008.84
1447.81
606.65
1850.38
1501.39
1943.96
1916.43
1270.81
1648.39
1508.92
1901.44
1639.56
1483.30
914.99
859.96
1566.49
894.00
1674.07
1347.87
1366.36
2175.89
1602.84
1611.05
1590.26
1162.60
1786.24
1729.79
1922.65
603.62
1012.96
1087.17
1450.37
1821.95
1716.37
1500.34
1781.65
1632.45
1474.80
1661.26
1742.73
1506.02
1935.99
987.57
1325.65
985.83
1683.33
1714.70
1730.46
642.01
1354.04
820.75
1271.00
1167.58
1205.07
533.43
1458.16
1429.87
1658.70
1191.60
744.85
1104.29
1565.82
628.91
663.27
1621.97
1747.68
1247.89
1725.84
1613.58
1746.01
1656.44
1614.12
1615.47
1389.79
1737.56
1606.66
1294.23
752.15
1108.49
1089.81
1474.02
588.38
1520.35
1862.93
1697.00
1390.05
1460.20
961.13
1726.65
2124.28
1485.44
1161.55
1823.14
1236.07
1334.35
1520.55
1580.33
992.49
1205.40
1852.32
1769.12
1886.41
1375.23
1625.54
1693.18
1624.69
1924.08
1707.48
1526.61
1728.46
1353.99
1806.80
1365.64
1610.25
1354.86
1508.33
1487.00
1470.66
893.16
685.81
1715.22
1613.76
1261.66
1098.34
1136.94
1493.72
1220.42
622.34
723.57
1574.04
1699.10
1482.88
1478.08
1961.96
1886.36
2000.28
1200.23
1502.48
1039.77
1176.02
953.74
1801.87
665.21
1649.18
1112.85
1692.23
1842.85
1348.06
1609.30
1005.58
1495.89
1734.34
509.44
1394.02
1223.16
1431.76
1375.88
1550.87
761.17
1411.41
1481.85
259.73
795.24
1910.04
1581.86
941.96
1168.05
1776.43
590.70
738.27
1887.64
1706.33
1712.85
1875.50
1922.86
1283.70
1506.78
1224.70
1786.55
1667.24
1603.62
1566.95
2024.33
607.98
1736.25
1220.21
1487.16
1520.62
792.79
1241.41
1523.41
1488.03
815.84
1421.33
1891.97
1411.47
918.92
1463.79
1364.00
1573.16
1883.24
1895.31
577.48
294.93
786.85
1606.59
1756.97
1845.38
1576.23
1550.47
1818.04
1698.62
1737.97
626.74
1785.47
1842.25
1559.05
1742.70
1914.32
1455.10
1863.71
1457.00
1267.07
1473.31
846.43
1603.59
1518.78
1763.48
1248.73
1426.57
291.54
1818.36
1422.36
1390.52
555.88
906.49
1815.34
1561.81
1744.70
989.91
1827.59
1444.63
878.03
1835.58
1258.26
942.16
738.62
1297.24
1892.55
1967.17
1433.32
617.64
1154.70
1153.73
1019.69
1709.79
1258.49
1402.96
1327.30
1507.06
1432.07
1826.42
832.61
1363.49
1847.15
1668.16
422.03
1934.21
1440.92
2076.86
1772.87
810.23
1162.09
614.89
1676.21
1670.54
782.63
1115.47
1723.82
578.68
1061.56
886.06
1655.41
1524.90
2109.37
940.25
1168.54
1198.18
1573.94
1927.15
674.60
1829.90
1312.72
1478.26
716.41
1632.32
1508.98
1897.80
1798.70
712.93
1629.17
1184.72
1860.80
1339.19
1643.07
1697.51
768.89
1174.02
1041.19
920.58
1492.72
1493.67
1676.12
1470.67
1382.33
1537.39
1233.63
1380.85
1396.64
2003.34
1033.99
1811.60
1599.73
1664.65
1502.81
1048.53
1494.99
1902.30
1640.16
863.28
1546.54
1490.99
2063.00
1655.84
1759.75
1747.94
1413.01
1502.08
1638.54
1822.66
1156.49
1551.14
821.14
1746.56
1805.81
497.63
1620.62
1863.87
1867.30
1487.52
1441.29
760.62
1113.04
1818.58
1137.62
1690.91
1257.25
757.38
1509.33
1565.31
1371.86
1768.17
1219.45
401.32
913.53
1749.14
2009.81
1809.75
1616.27
1987.63
1331.41
1539.72
1649.05
1592.49
1314.69
1493.56
1443.99
1669.08
1061.36
1494.75
1515.60
1180.63
1013.35
693.47
1822.20
1295.92
1474.03
915.02
1176.13
1492.31
1582.49
1099.26
1324.30
1740.85
811.05
1889.26
931.19
765.21
1703.02
1044.25
1670.36
1933.40
1081.42
1833.45
1819.14
1918.22
744.66
394.75
907.65
1556.27
1746.35
607.01
1801.80
1819.15
1298.40
1615.10
848.78
675.98
1719.63
789.29
182.51
1316.40
1781.06
1660.00
1614.69
1922.82
1720.60
1980.36
1665.44
1374.23
1239.55
1701.14
962.93
1477.65
1483.59
1802.95
1188.32
1655.53
1220.61
1521.88
1544.59
1393.59
1401.86
1089.32
1845.15
986.10
1741.45
2052.07
761.15
1828.07
189.71
1964.19
1343.25
1707.36
1719.74
1054.56
1805.82
1963.60
1657.96
1581.98
632.71
1509.53
1710.21
1516.71
1455.84
1766.32
1061.51
1874.68
1549.18
1251.45
296.08
1868.33
415.09
291.59
1225.52
891.02
1806.86
1794.53
1492.97
1839.16
1564.39
1475.27
1564.49
1106.24
807.47
1721.36
1265.17
1560.54
1327.78
1418.48
1642.32
1643.20
1479.43
667.96
1500.28
1453.81
1847.14
1015.71
694.08
1171.02
1177.20
1345.13
1032.74
1598.89
1537.66
1730.25
784.63
1750.62
838.24
1968.84
1906.55
1475.58
1171.84
1510.43
873.99
1873.67
1267.74
844.67
1622.06
1058.91
866.64
507.88
980.96
519.43
1860.21
1896.20
1597.48
1236.48
1186.63
456.21
1509.45
1728.80
1184.40
418.08
1631.13
1637.79
566.17
1343.58
699.24
1002.97
1163.08
1978.64
908.79
354.73
1278.87
1947.65
1487.87
1845.91
1875.45
1181.18
1626.06
1873.69
1267.94
905.59
1054.93
1730.37
1352.73
1589.93
984.35
1496.22
2112.98
1610.99
1187.68
1922.68
1896.13
1375.75
1695.71
1529.86
957.94
1912.29
1359.28
1246.54
1521.09
1767.09
1482.11
536.48
1511.05
793.55
1093.12
239.61
1673.29
1902.80
1742.62
1199.13
1283.87
1707.14
1901.35
1561.53
1279.99
1463.55
614.08
1809.95
1800.44
1105.43
1793.00
1289.48
1715.99
1861.04
1621.97
677.52
934.53
1509.37
1850.10
1478.28
1201.62
1535.06
1409.80
1176.94
1813.99
1580.06
1829.22
1588.65
941.59
1859.95
1485.51
1659.63
1005.64
1570.30
1163.99
948.92
1485.16
1629.10
1531.14
1485.15
1887.81
1188.78
791.12
955.52
1778.21
1630.06
1668.12
1359.94
1234.87
1308.50
719.47
1935.96
1119.19
1924.81
1019.96
1644.66
631.05
1398.37
1236.51
1100.03
399.85
1699.29
1721.97
561.39
1152.22
2003.48
1835.47
1150.53
1853.39
1460.18
1584.11
1570.03
1472.14
2086.56
982.91
662.64
1931.29
1642.50
1541.22
1858.53
2144.24
1500.65
1626.71
1597.01
1403.19
1206.04
1231.91
1283.47
1579.67
1492.79
1941.68
1529.58
1562.98
1631.99
1660.19
1304.95
1822.54
1038.83
1404.35
1413.11
1583.98
2046.15
609.79
1089.59
1388.70
1943.40
1793.99
1171.95
1934.67
1636.53
1657.25
1728.75
920.22
870.60
1803.11
352.12
1892.70
1932.08
1955.53
1727.96
1347.21
1500.38
1504.06
1840.38
282.71
1616.69
1182.41
1194.63
1929.33
1318.98
1230.54
1471.88
1642.64
1624.12
1480.33
1595.47
1351.20
1844.98
869.30
1352.88
1113.18
1189.52
713.19
718.04
967.73
1537.79
610.14
1454.16
867.71
1525.65
1947.06
1861.38
1550.15
1867.81
1510.75
1348.75
1543.67
1916.47
1177.79
590.02
1196.49
1751.63
1608.88
1890.28
1887.30
684.21
431.15
1731.65
1127.07
1798.83
944.89
1854.30
1093.46
1589.84
1176.91
1108.19
1295.16
1382.03
1954.49
1237.25
2002.12
1494.64
1444.85
1628.01
1664.83
1881.55
1724.12
1573.37
1161.36
2103.55
1111.99
808.26
1516.57
1248.53
1581.21
859.32
1296.83
1201.88
1654.64
1601.74
1969.01
1231.72
1488.31
1557.16
562.76
1674.08
1562.44
1867.30
1863.41
652.46
627.67
1657.97
1865.29
1128.68
1852.59
828.57
1194.85
1370.41
753.71
2094.46
1432.37
1150.76
1766.52
1845.96
1481.29
1012.40
844.13
1492.31
1575.90
1800.04
1505.31
1715.74
1609.95
1106.66
1859.97
1618.00
1385.82
1821.97
326.15
1713.56
1394.86
1662.31
645.66
677.12
1922.03
1833.22
1228.90
932.89
1562.04
1873.94
1696.27
1314.79
1622.16
1652.85
1209.66
1654.69
1638.24
1504.58
1170.09
1302.67
960.22
1745.95
2043.78
1515.71
1903.60
2149.15
1824.52
1475.77
1621.51
702.44
901.90
1503.40
772.57
1482.18
1430.91
1941.18
990.60
1680.32
1653.50
1587.64
1639.15
1539.79
1822.07
560.90
976.59
687.27
1359.77
760.67
1861.94
1681.25
2058.44
1639.66
1304.90
1076.90
457.40
932.19
1683.54
1491.10
1646.11
1064.44
971.24
1329.58
1315.48
1531.79
914.18
943.44
1539.56
1503.56
1946.22
820.27
1201.00
546.88
854.54
1653.69
1380.45
1795.86
1510.16
1636.08
1521.75
1821.12
1868.52
1100.99
1874.02
1489.79
1569.06
971.74
1496.91
1735.98
389.62
1845.41
1863.44
1096.47
1520.78
1009.79
1732.40
1195.34
1445.75
1494.11
1529.00
686.20
1693.29
1597.36
1621.34
1003.46
1030.93
1878.27
702.84
1750.39
1929.69
838.67
1456.09
1927.51
1425.63
771.25
1763.11
1173.49
1280.94
1381.25
1834.02
979.85
1344.80
1949.64
1560.91
1165.27
1638.07
1578.86
1367.87
1040.71
1492.85
1189.56
765.16
1238.80
1449.81
386.20
1529.89
524.41
1515.44
1227.42
1728.33
1689.31
1801.68
1438.98
1517.90
408.11
894.24
1534.26
1863.11
1171.74
1628.32
1888.83
1608.38
1462.73
1515.84
1187.04
1577.74
455.43
2168.82
1427.65
989.17
759.97
688.35
1885.34
1414.04
1425.68
1912.52
1810.81
1310.11
1618.92
1549.53
1042.05
1827.73
1622.01
1606.72
1510.94
1504.46
1915.05
1499.66
1679.07
1054.35
894.56
1712.47
1774.49
1324.93
1019.60
2026.32
1442.64
1750.93
1590.73
1568.95
1483.04
1193.20
1547.27
1320.34
1893.60
1213.03
1746.01
1644.07
1596.98
2116.24
1358.21
1443.26
1553.37
1613.80
1426.90
923.64
1057.24
1634.51
1463.32
1818.97
1618.38
1297.10
831.54
1180.69
1065.03
1852.21
1493.69
1278.81
1826.65
1268.49
1700.57
1954.96
1833.52
1595.08
1628.79
1612.22
1195.15
555.74
1603.99
2013.53
1797.52
1823.42
2168.62
1702.76
1814.59
1261.29
1038.51
1310.93
1744.13
1609.98
1604.79
1198.59
1649.34
1590.29
870.55
1828.93
1412.22
1928.90
2124.18
1296.10
870.69
1568.78
1825.87
1664.72
1675.74
899.30
1908.83
1844.65
1850.25
1287.49
1597.36
1946.85
414.96
642.70
1418.53
827.87
1374.32
1166.95
1758.87
1098.11
1199.88
1144.00
1207.40
1704.38
1644.80
1353.39
1193.29
1721.30
1585.73
1526.50
973.08
1934.20
1490.00
1514.39
1331.29
1491.21
1741.79
1293.22
1133.38
405.69
791.08
1565.04
903.35
1421.92
1487.39
1581.96
2051.79
1858.01
1795.88
1626.01
1708.32
1420.49
1883.53
1417.32
1589.09
1850.65
1957.71
1400.02
1748.14
1548.51
1554.10
1777.03
1004.90
1153.78
2011.82
2075.99
1405.70
974.47
1677.94
1946.14
1512.36
1630.47
1589.24
1932.23
1015.13
1617.82
705.92
1262.40
1597.78
685.98
1492.02
1606.83
1946.33
1800.49
1622.64
1160.18
1149.73
1325.48
1919.76
1848.31
1506.67
1731.65
1325.62
943.31
1594.79
1223.60
1575.47
1213.19
1520.86
1839.20
1882.19
1956.83
1510.88
943.90
1851.52
1174.95
1639.69
1323.50
1717.83
1270.56
1008.40
1210.87
1671.08
1475.97
1540.80
1104.42
1671.08
1641.56
1796.34
1940.95
1659.56
423.04
1398.79
1156.10
1331.36
2123.10
819.40
1607.18
1811.64
1173.16
1308.81
1818.81
1776.16
1550.68
1636.91
638.69
836.35
1201.42
1557.09
1500.93
1641.04
1587.27
1505.70
1421.93
1569.05
829.99
1633.96
1818.86
1884.08
1891.10
1818.22
1514.24
913.59
836.56
1589.20
936.87
1466.95
1501.31
1592.56
962.42
1627.97
1907.86
954.77
1770.22
1013.17
929.46
1735.96
1291.25
1795.54
1842.73
1590.08
917.55
1483.01
962.84
1371.53
1575.84
1076.00
1680.98
1543.86
1010.53
889.21
1433.02
1037.28
1816.03
1311.95
1282.33
1683.12
1447.47
817.71
1195.09
1510.68
882.72
644.94
580.10
419.42
1356.40
1823.80
689.62
1597.27
1515.64
1609.92
1512.22
1686.71
1908.94
846.64
1450.46
2093.39
1559.74
1691.30
1340.66
1236.33
1676.26
1354.74
1231.59
1024.99
1603.15
1722.20
1488.68
1197.35
1623.36
751.51
1026.81
958.20
1664.73
1052.29
1447.38
828.41
938.44
1431.13
993.69
876.94
379.85
1772.60
965.20
843.32
1867.48
788.48
1987.45
1362.69
1616.53
1817.60
1327.78
829.68
1783.52
1913.71
1795.45
669.76
979.15
871.49
1605.39
624.81
1524.68
1641.06
1479.38
1863.54
1067.02
1105.73
1710.33
1516.15
1927.56
1958.42
1480.17
1686.51
1689.07
700.38
1592.53
958.44
1730.83
936.93
292.86
830.02
1139.60
1712.05
1838.37
967.16
1473.14
1318.61
865.13
1390.61
1649.46
1401.91
1606.45
1911.86
751.33
1604.34
834.80
1825.70
1124.04
1214.06
967.11
1994.40
1355.83
1304.06
1957.01
1605.62
1220.81
1876.23
1567.78
1447.06
1948.18
1702.21
1129.06
1501.72
1387.21
1649.40
1213.97
1696.17
1169.84
1602.41
1646.17
1776.93
1809.41
2139.56
2097.88
749.17
1488.59
1898.19
1548.55
706.40
757.59
1163.71
2010.57
1358.71
1384.18
1773.76
891.06
1614.45
1533.76
1741.53
557.96
979.63
1723.70
1711.48
954.18
1163.42
1933.23
1776.42
1681.63
1673.02
1222.36
598.89
1900.01
1435.96
1239.96
2165.40
1475.38
1767.16
1215.55
1627.58
1733.54
1875.32
1786.28
866.60
1601.61
1316.44
1535.81
1869.41
1423.65
1729.31
1337.64
1776.55
801.12
729.53
1243.69
1262.26
1768.04
1173.10
1860.23
1263.10
1449.28
1502.93
1350.86
1479.68
1203.35
1912.12
1900.65
1273.12
852.68
1123.89
1482.14
2047.88
890.39
1793.65
1359.72
2082.07
1446.65
1913.58
701.67
1606.23
1393.64
1102.75
1502.09
1195.27
967.80
1601.21
1208.81
1761.32
1521.31
1356.53
1668.08
1454.82
1530.41
1362.30
2148.07
1499.01
1395.54
1151.27
1206.61
1932.87
1606.21
1546.14
793.51
1433.44
1835.22
1608.03
1818.03
1989.10
865.07
1549.03
1734.56
1582.76
951.53
1961.14
659.43
1551.96
1604.08
1496.78
1216.37
802.81
1116.14
1775.90
1095.21
1584.63
1736.03
1497.29
1737.00
1273.48
1904.44
1604.83
1636.41
1749.97
422.35
1308.82
1137.41
1756.70
1829.16
519.46
1149.75
1342.74
1672.97
1881.34
1321.17
1856.04
1837.32
1034.69
1586.54
1911.37
1518.01
1558.85
1478.63
1219.77
1934.07
1440.60
1309.11
1379.70
1796.51
1332.32
710.82
1394.58
1910.78
919.55
1463.46
1610.57
1357.94
1486.49
897.49
744.36
1710.63
1664.54
1166.01
1142.56
1917.00
1519.56
1863.82
627.74
1542.93
813.47
1257.80
1371.82
869.18
861.24
1421.75
795.55
1816.88
1342.52
1307.29
1870.93
1337.53
1485.28
1559.10
1335.87
1308.73
1319.07
1362.86
1647.84
897.35
821.66
951.60
569.70
1999.19
1698.83
1337.00
1161.69
498.89
1143.18
1402.72
1385.21
1203.76
2157.02
1228.62
1387.44
1546.02
1826.39
1773.65
1653.74
1709.89
1423.32
1749.54
1830.74
1473.58
1610.65
1550.47
751.15
1698.09
1277.11
1123.78
1875.91
1954.32
1818.03
1165.21
1640.93
877.47
867.11
1807.80
1169.85
1659.55
431.76
1456.21
1763.72
846.84
1621.31
1695.74
1902.48
290.74
1322.34
1960.64
1909.02
742.49
1319.29
1599.62
1840.08
1731.97
1948.62
1356.60
1523.89
769.88
1500.24
1074.77
771.56
1396.27
259.30
1902.21
700.01
703.41
1576.59
1328.19
2097.44
1244.10
1898.53
1933.64
907.28
1876.58
1552.29
2022.99
738.59
714.75
1619.37
1662.01
1617.36
634.76
1730.57
2136.72
1184.11
1196.36
695.55
1746.42
1778.26
1610.89
2018.30
1624.69
1527.36
581.66
1146.82
1735.40
1954.15
1584.99
1847.94
812.03
1622.48
1419.35
1965.88
1333.48
1368.92
1624.86
1606.32
709.67
1829.41
1316.11
1503.24
1841.22
1356.13
1316.85
1494.23
1902.03
826.34
890.06
1947.17
1745.78
526.02
1561.02
1524.67
1490.96
1832.78
1810.31
1247.30
924.78
1636.32
1525.00
1586.21
793.22
1463.56
924.15
1478.37
1343.70
1483.66
1836.37
1638.52
865.15
1638.53
1520.67
1177.78
1373.83
1837.99
1772.82
1623.44
1738.92
1444.87
1912.11
1605.51
1846.89
1945.07
1239.64
1303.93
1555.48
1256.80
1701.30
1735.88
1852.50
1502.13
1686.35
2025.14
588.49
1252.82
693.32
1729.07
1481.46
1635.99
1396.12
690.06
1382.24
1371.50
1441.44
1175.23
1823.64
1912.64
1272.40
1949.66
678.88
1554.12
958.89
1603.40
1204.47
1207.30
1635.08
1387.32
1144.48
646.37
1449.12
1443.51
1471.79
1781.71
1693.91
1469.61
1758.33
1762.47
1500.10
1517.23
1376.69
1239.03
1404.32
1971.57
1024.33
967.31
1879.03
740.22
1780.24
1557.30
1500.11
1393.97
1744.81
1338.46
1870.91
1818.48
873.62
1746.11
1194.51
723.17
1340.57
873.75
1784.28
1865.46
1516.69
1470.47
1649.31
295.18
1631.91
1210.76
1103.51
1712.13
1074.89
775.43
1767.66
943.17
1338.54
1668.75
823.63
1492.91
686.45
722.10
1403.69
1795.52
1180.83
1620.50
1530.83
1188.97
1918.79
1666.87
1599.01
1604.93
1438.51
1465.17
711.49
1715.05
1855.35
787.16
741.49
977.75
1667.02
1813.05
1165.91
1949.48
1280.40
1176.48
1937.40
1211.63
1913.98
811.26
1389.84
1556.86
935.75
1850.40
1305.64
1205.77
1769.84
1263.10
970.42
1793.03
1992.28
1581.64
1663.85
1187.56
1211.81
1328.32
1613.49
1329.81
1902.92
1571.08
1305.95
1220.40
782.57
1783.63
1585.79
1296.81
1423.73
1864.39
2124.21
731.89
1775.03
1656.05
833.58
297.27
1460.58
1320.20
1337.02
1125.09
829.42
1639.49
1714.65
1483.33
1743.69
1600.19
1450.78
995.87
1512.21
1020.36
1185.71
1359.70
1120.88
1125.30
670.73
962.56
1830.13
2007.10
1747.70
1900.28
1199.60
1636.75
1633.09
1192.10
1345.23
1955.28
1225.64
1675.39
1674.60
2023.75
1558.37
1389.60
1473.86
1940.35
988.31
851.83
1425.35
1553.01
999.22
1003.65
1192.32
1222.62
1811.96
1437.46
1341.42
1822.57
1614.79
1616.43
310.95
379.55
1972.67
1637.90
1020.08
1840.74
877.19
1044.79
712.04
1630.40
1207.09
1971.80
867.07
1541.24
1427.11
675.83
1860.97
1188.33
646.76
1332.66
1727.81
1653.32
1291.84
1891.46
1495.10
641.20
1842.97
2012.24
1428.51
2083.25
1218.59
2135.89
1139.59
1797.51
961.12
1453.20
862.43
1179.98
1414.26
1479.94
1329.96
1507.63
753.27
755.73
1510.33
1233.88
1935.85
1905.18
1610.93
753.45
1332.53
1110.72
841.97
1595.77
839.27
1470.72
1331.16
1432.28
1414.84
1690.98
975.14
972.94
1828.30
1366.98
1914.96
929.95
877.71
1873.22
1007.01
1298.13
1634.78
1489.55
1269.78
238.08
1849.08
1297.68
1947.81
1294.59
1546.06
1269.95
1903.40
1735.74
1721.77
1605.22
1730.56
759.00
1871.91
1500.51
1501.12
1718.15
1801.49
1456.79
1352.81
1846.93
1738.77
1165.61
1744.64
1350.53
970.48
841.30
1442.46
1931.35
1168.41
949.02
1662.03
802.68
1562.07
1263.13
1181.53
1555.19
1510.12
1596.71
1040.21
1712.18
1130.24
1166.35
1099.98
1493.80
1523.67
1508.83
1072.40
1335.87
875.14
1808.70
1265.76
1614.23
1129.45
2110.75
1863.74
1259.78
1856.08
1224.94
1737.77
1514.41
1225.71
1391.06
1551.86
1364.32
702.31
1619.72
1480.36
988.60
1960.85
1267.54
1801.94
1125.47
1465.95
1046.39
1893.30
1508.55
1904.42
1577.34
1561.20
1770.15
908.79
1661.23
816.18
1399.06
1080.15
1240.43
1195.73
1948.78
1739.47
1551.50
1190.98
941.85
1576.80
2128.61
1795.58
692.09
1226.96
1187.48
1556.57
1484.06
1497.32
1606.30
1472.12
239.19
1536.49
1744.94
1459.52
1649.71
1103.48
1882.43
1800.21
1059.89
579.01
2125.98
1161.84
1675.28
1713.68
1341.22
1915.14
1186.47
1672.43
1794.81
548.05
1312.30
280.92
1747.64
830.10
936.52
1795.64
1932.28
860.62
1483.77
1580.77
1945.63
1792.67
306.56
1614.22
1146.27
1870.10
1211.29
2004.34
1909.97
2014.22
1469.65
1648.23
1206.33
1501.61
664.67
1644.39
1525.28
965.59
1116.58
1694.23
1325.64
1749.27
290.56
1724.68
1701.83
975.83
1142.13
778.49
1504.67
1190.27
1224.76
1237.90
1118.39
1553.78
1522.86
1077.79
1328.96
1576.33
1361.67
1556.27
1326.59
1756.84
1882.11
1135.99
1208.57
1099.45
1603.13
853.79
683.24
1286.13
849.65
1832.46
1343.93
932.51
1843.51
1094.02
1927.01
1269.43
1165.68
1351.04
751.91
1282.22
1281.67
1369.93
1865.41
837.14
1317.93
1442.35
1718.59
668.22
1396.89
1324.45
907.59
1925.59
1819.20
1009.85
1346.30
1223.48
1652.28
1544.86
1380.22
1146.07
797.31
2019.61
1164.49
2048.82
1131.06
868.36
1942.68
1385.38
1511.17
1124.86
1466.18
1513.09
1271.29
1295.32
841.22
1356.98
1353.23
1340.47
1466.54
811.31
1414.43
1050.22
1345.96
1455.12
1666.45
1923.17
1618.47
1164.94
1921.34
960.37
1639.80
1241.80
1675.90
1206.73
1213.53
1577.43
1614.31
1688.48
736.06
1261.00
2093.29
1776.32
1592.41
1338.03
1938.32
1778.49
2053.05
1596.47
1528.88
1559.90
1832.91
1478.34
1201.95
1420.38
1481.27
1376.14
721.05
1161.24
1818.02
1265.78
1531.35
1872.58
1833.10
1554.38
880.13
1556.25
1877.97
394.18
1478.85
1409.61
1602.35
1643.60
1096.39
1349.80
770.24
580.65
1318.72
1584.29
1954.46
1901.87
1796.05
1350.48
1685.87
1711.33
1891.31
894.98
1745.66
622.25
908.72
1057.06
1490.71
1018.54
1596.48
1225.75
1556.00
1594.99
1695.18
1412.11
1402.51
1659.65
1343.03
1586.47
1907.21
1656.52
1023.79
1299.37
1733.79
1209.86
1378.45
942.02
891.74
1528.72
1762.31
1022.51
825.07
1175.21
1750.80
1388.23
1343.60
962.98
1825.16
1549.54
1597.82
1637.82
1408.77
1155.95
734.17
1321.87
873.19
948.52
1795.51
1949.44
1306.68
1943.50
952.83
1253.23
1025.78
907.97
1089.51
1269.95
1560.22
1445.10
840.59
1498.54
1797.73
1496.49
1279.04
1691.02
1547.37
1947.27
1214.48
881.52
1405.89
1682.60
1286.00
1173.98
1622.42
1187.35
557.38
1714.62
1600.48
828.37
1147.05
1186.72
950.21
1623.78
1547.79
1276.68
1180.97
1655.64
1635.47
1718.46
1829.43
1455.54
1446.97
1693.79
1770.09
1651.79
1920.45
1848.03
1605.51
1695.88
1175.61
1416.32
1239.53
1161.95
1745.17
1336.37
1221.30
1615.35
679.95
1877.32
1192.19
982.07
1011.11
1900.54
1530.05
1513.88
1649.78
1405.21
1607.34
794.51
1401.21
949.30
1478.58
1713.32
1024.68
1451.88
1475.42
1031.17
1234.09
877.04
1514.64
1805.52
985.03
1228.92
683.33
1502.83
584.65
1034.89
801.23
1393.12
1556.50
2037.63
2096.77
1371.11
1947.15
761.02
902.68
1916.85
1580.11
1341.80
1423.22
1509.36
1199.40
1874.25
1520.97
1066.91
2118.60
2043.39
1965.50
1632.20
1563.21
833.36
1547.24
1210.83
1499.92
1491.89
1010.17
549.72
1918.34
1355.27
854.25
1494.30
1620.16
1190.37
1609.35
1902.33
1039.28
730.93
1283.66
1729.32
697.10
662.52
587.04
1814.05
1649.23
1408.29
1860.49
1308.92
1906.07
1608.60
1349.90
1580.01
1929.28
1555.06
1255.43
1577.13
934.49
697.46
1530.85
1604.39
1512.08
1607.72
840.72
1811.44
1809.68
1567.26
1947.09
1584.23
1736.94
1428.32
2137.21
1791.76
1122.16
782.10
806.69
1767.63
1053.22
1652.24
1701.76
1503.60
1106.73
1412.38
1377.13
1477.89
763.29
1216.12
1799.50
779.59
1653.99
985.26
1639.11
1482.37
1181.90
784.68
1517.79
1381.66
1506.77
1506.04
1262.29
1670.73
1288.13
1475.13
1406.11
1843.98
955.80
1829.97
1659.74
1586.60
578.75
581.01
1822.31
1013.74
834.72
1576.76
937.81
1640.11
1751.69
1560.21
1792.78
1572.85
1561.74
1892.54
1870.57
1195.65
1367.95
1497.11
1493.38
1115.94
1140.75
1518.06
1306.58
1223.59
1631.39
1634.43
1212.29
1457.29
1745.47
646.77
717.69
1694.33
1458.19
1458.34
1747.46
1629.23
1215.62
1063.88
1655.13
1388.83
1028.31
1873.49
1441.57
1818.33
1514.71
1674.56
1104.62
1485.22
1705.93
1730.69
2101.10
1018.44
647.24
1334.14
1406.63
948.04
726.44
1776.45
1131.17
1863.80
1230.19
1723.78
1850.59
1656.37
955.34
1500.76
1618.90
1086.29
701.94
609.24
1218.85
1771.34
1662.45
712.74
1287.40
1479.32
1663.08
1556.04
1903.28
1949.07
1847.56
1508.94
1963.23
988.76
1199.15
406.12
1719.30
1494.50
1323.20
1521.89
1559.25
2127.35
1829.67
1735.56
1490.63
1383.18
1479.82
1587.21
1953.23
1900.88
1381.32
791.72
1538.76
1342.41
1217.95
1402.63
1404.89
1904.55
1069.16
991.41
1236.15
396.64
1549.72
1576.03
1547.25
1499.59
1132.99
1152.39
1296.49
1049.97
562.75
1552.46
843.75
1615.64
993.62
1905.02
998.93
1901.04
1841.19
1717.29
1597.12
1832.01
1338.16
1905.08
525.18
1220.90
2129.27
1073.75
1196.12
1503.89
1575.99
389.16
1464.29
1481.20
1305.22
1884.78
1875.49
345.00
1515.15
498.93
1596.52
1410.97
1592.07
1448.31
1712.10
1967.04
526.40
218.17
1320.27
1174.46
1163.31
1275.36
827.28
1735.43
872.03
1792.78
1513.84
800.35
838.10
1251.29
1692.07
1683.37
806.63
1639.70
1549.04
1097.40
535.93
766.44
1525.85
1237.33
1055.81
1461.11
862.06
1621.14
657.70
1267.31
1684.65
1598.63
2040.28
1608.18
1457.67
888.55
1720.02
773.17
1602.25
1183.10
1626.79
1326.38
1230.40
1485.54
1520.86
1550.18
1424.23
1906.70
1779.93
1800.16
838.50
1819.86
1339.36
1502.62
1926.01
1662.49
1707.63
865.89
1238.80
1261.74
1907.98
1433.59
1824.81
1539.53
775.31
1575.21
1649.52
1794.20
1130.94
1066.46
858.17
1511.78
2130.79
1033.09
1775.98
1598.17
1266.37
658.66
1702.43
843.37
1497.30
614.48
1144.58
1156.08
1285.31
1844.80
1975.79
861.37
1672.60
860.64
657.79
1353.72
1215.02
698.16
1533.63
1775.46
1147.87
1514.40
1157.73
1286.70
1521.33
1489.61
1144.11
1251.77
1348.36
438.69
645.40
1598.47
1207.02
1183.60
1078.04
1279.75
1111.87
930.38
1780.19
778.81
901.98
1419.87
1568.69
1588.51
1128.26
1548.77
1631.02
1670.43
1493.77
1864.70
1365.99
1646.21
1786.93
1070.42
1711.18
1516.54
1763.83
1377.61
1204.28
1738.24
1418.63
1805.92
1916.90
1891.33
1844.82
1653.37
1231.58
1595.60
1707.83
1248.40
1307.90
1102.06
1596.54
1947.30
1798.34
1956.28
1368.24
991.02
1410.90
1671.32
1565.29
1750.75
649.62
1430.25
478.52
1384.47
1971.42
1542.69
1586.55
974.40
881.91
1670.65
1366.66
1287.96
1495.63
1283.02
1930.62
1643.71
660.45
1218.20
1727.79
1316.44
1286.36
1510.47
1472.71
1051.06
717.84
530.22
1826.49
903.78
1720.67
1860.75
1591.44
1544.14
2012.40
863.08
1333.57
1484.45
1374.55
1260.87
811.77
1776.48
1609.00
1453.11
506.04
1174.17
1570.44
1549.66
974.18
1903.00
876.19
798.76
1440.42
1288.69
1829.59
1224.50
1118.49
1875.61
2059.77
1756.04
1369.78
1148.19
656.35
1631.06
1382.40
1706.52
429.51
1728.27
1719.54
1702.45
1552.43
1802.07
917.19
744.53
1770.80
1695.19
1644.23
1335.25
1192.90
1413.48
1071.63
935.61
1942.25
1084.18
1338.23
1433.20
1012.23
1162.68
1557.23
1913.22
1257.45
511.65
1494.35
1103.59
1605.44
1518.62
1243.76
1742.43
1520.60
1572.52
1909.71
1517.56
1017.34
1445.89
2135.71
1254.78
1563.67
1495.15
1114.82
1296.01
1462.17
1022.54
1553.38
777.73
1460.88
1012.05
1219.57
1497.75
723.31
1388.67
1957.23
838.31
2124.73
959.38
1135.47
939.11
1628.68
1841.80
1347.95
1497.34
1242.12
969.39
785.11
1803.11
1221.21
1855.93
1669.86
1691.67
1089.45
1501.86
1367.44
1796.33
1150.64
1358.07
1667.55
760.98
1853.89
1856.16
1875.26
1819.94
1804.00
1076.18
1692.10
287.50
1388.06
1159.91
1383.58
830.00
2109.80
1348.86
1362.69
931.50
1960.30
926.15
167.62
836.80
996.05
1895.82
1981.83
1781.78
1637.31
1892.15
1273.08
1591.79
1053.27
1194.10
1495.12
939.20
826.47
1694.79
1203.97
738.56
1423.73
1694.18
1349.75
1668.01
1802.02
1149.88
1935.25
1613.13
1494.44
1702.50
1366.99
1179.82
863.24
1013.51
607.06
1611.50
1622.43
1673.72
1475.77
1218.07
1329.59
1307.83
608.95
1758.15
1657.88
1490.44
1831.63
1546.77
1311.07
2063.13
813.58
1229.12
732.35
1609.75
1413.27
980.73
1275.77
1790.78
1750.85
1618.50
1330.40
798.28
2022.22
869.03
1483.44
1481.08
1285.85
1496.24
1314.13
1444.36
1168.95
949.08
1942.46
1586.13
729.03
1828.30
1367.56
1613.08
594.09
1766.26
1393.10
518.99
1183.71
1439.51
307.52
1328.26
1226.30
1401.82
1670.27
1458.60
1257.57
1734.92
2117.98
623.82
1582.27
707.55
1598.62
1434.80
1165.63
1913.90
1580.17
1724.99
1488.21
1332.72
1884.27
1086.07
1746.58
1423.60
1344.92
1221.44
1748.39
436.81
1087.75
968.36
974.70
1783.41
768.77
1019.69
1891.43
1500.85
1212.60
389.91
1298.82
1079.45
1041.53
1153.52
831.06
1603.79
1671.82
1908.92
1387.17
1744.47
893.11
1590.27
1533.38
1605.25
1537.35
2167.80
1255.66
1519.89
1398.06
1248.04
1950.79
1847.24
1505.69
1005.95
1692.78
803.55
1493.34
875.71
1828.03
1481.34
1199.16
1589.24
1503.35
2041.23
1614.90
234.35
1575.06
1702.76
1351.60
1064.81
1373.20
1555.48
1270.42
958.92
1955.73
1595.17
1558.99
2066.09
1929.67
1560.33
1323.91
1519.62
1572.97
1352.01
414.58
1605.72
1811.83
1248.91
1217.31
1725.55
666.88
572.01
636.34
1829.29
1272.12
